CUDA 1
feat_dict[0]["feat"]: float32
G.nodes[0]["feat"]: float32
[0, 0, 0, 0, 0, 0, 0, 0, 0, 0, 0, 0, 0, 0, 0, 0, 0, 0, 0, 0, 0, 0, 0, 0, 0, 0, 0, 0, 0, 0, 0, 0, 0, 0, 0, 0, 0, 0, 0, 0, 0, 0, 0, 0, 0, 0, 0, 0, 0, 0, 0, 0, 0, 0, 0, 0, 0, 0, 0, 0, 0, 0, 0, 0, 0, 0, 0, 0, 0, 0, 0, 0, 0, 0, 0, 0, 0, 0, 0, 0, 0, 0, 0, 0, 0, 0, 0, 0, 0, 0, 0, 0, 0, 0, 0, 0, 0, 0, 0, 0, 0, 0, 0, 0, 0, 0, 0, 0, 0, 0, 0, 0, 0, 0, 0, 0, 0, 0, 0, 0, 0, 0, 0, 0, 0, 0, 0, 0, 0, 0, 0, 0, 0, 0, 0, 0, 0, 0, 0, 0, 0, 0, 0, 0, 0, 0, 0, 0, 0, 0, 0, 0, 0, 0, 0, 0, 0, 0, 0, 0, 0, 0, 0, 0, 0, 0, 0, 0, 0, 0, 0, 0, 0, 0, 0, 0, 0, 0, 0, 0, 0, 0, 0, 0, 0, 0, 0, 0, 0, 0, 0, 0, 0, 0, 0, 0, 0, 0, 0, 0, 0, 0, 0, 0, 0, 0, 0, 0, 0, 0, 0, 0, 0, 0, 0, 0, 0, 0, 0, 0, 0, 0, 0, 0, 0, 0, 0, 0, 0, 0, 0, 0, 0, 0, 0, 0, 0, 0, 0, 0, 0, 0, 0, 0, 0, 0, 0, 0, 0, 0, 0, 0, 0, 0, 0, 0, 0, 0, 0, 0, 0, 0, 0, 0, 0, 0, 0, 0, 0, 0, 0, 0, 0, 0, 0, 0, 0, 0, 0, 0, 0, 0, 0, 0, 0, 0, 0, 0, 0, 0, 0, 0, 0, 0, 0, 0, 0, 0, 0, 0, 1, 1, 1, 1, 1, 1, 1, 1, 1, 1, 1, 1, 1, 1, 1, 1, 1, 1, 1, 1, 1, 1, 1, 1, 1, 1, 1, 1, 1, 1, 1, 1, 1, 1, 1, 1, 1, 1, 1, 1, 1, 1, 1, 1, 1, 1, 1, 1, 1, 1, 1, 1, 1, 1, 1, 1, 1, 1, 1, 1, 1, 1, 1, 1, 1, 1, 1, 1, 1, 1, 1, 1, 1, 1, 1, 1, 1, 1, 1, 1, 1, 1, 1, 1, 1, 1, 1, 1, 1, 1, 1, 1, 1, 1, 1, 1, 1, 1, 1, 1, 1, 1, 1, 1, 1, 1, 1, 1, 1, 1, 1, 1, 1, 1, 1, 1, 1, 1, 1, 1, 1, 1, 1, 1, 1, 1, 1, 1, 1, 1, 1, 1, 1, 1, 1, 1, 1, 1, 1, 1, 1, 1, 1, 1, 1, 1, 1, 1, 1, 1, 1, 1, 1, 1, 1, 1, 1, 1, 1, 1, 1, 1, 1, 1, 1, 1, 1, 1, 1, 1, 1, 1, 1, 1, 1, 1, 1, 1, 1, 1, 1, 1, 1, 1, 1, 1, 1, 1, 1, 1, 1, 1, 1, 1, 1, 1, 1, 1, 1, 1, 1, 1, 1, 1, 1, 1, 1, 1, 1, 1, 1, 1, 1, 1, 1, 1, 1, 1, 1, 1, 1, 1, 1, 1, 1, 1, 1, 1, 1, 1, 1, 1, 1, 1, 1, 1, 1, 1, 1, 1, 1, 1, 1, 1, 1, 1, 1, 1, 1, 1, 1, 1, 1, 1, 1, 1, 1, 1, 1, 1, 1, 1, 1, 1, 1, 1, 1, 1, 1, 1, 1, 1, 1, 1, 1, 1, 1, 1, 1, 1, 1, 1, 1, 1, 1, 1, 1, 1, 1, 1, 1, 1, 1, 1, 1, 1, 1, 1, 1, 1, 1, 1, 1, 1, 1, 1, 1, 1, 1, 1, 1, 1, 1, 1, 1, 1, 1, 1, 1, 1, 1, 1, 1, 1, 1, 1, 1, 1, 1, 1, 1, 1, 1, 1, 1, 1, 1, 1, 1, 1, 1, 1, 1, 1, 1, 1, 1, 1, 1, 1, 1, 1, 1, 1, 1, 1, 1, 1, 1, 1, 1, 1, 1, 1, 1, 1, 1, 1, 1, 1, 1, 1, 1, 1, 1, 1, 1, 1, 1, 1, 1, 1, 1, 1, 1, 1, 1, 1, 1, 1, 1, 1, 1, 1, 1, 1, 1, 1, 1, 1, 1, 1, 1, 1, 1, 1, 1, 1, 1, 1, 1, 1, 1, 1, 1, 1, 1, 1, 1, 1, 1, 1, 1, 1, 1, 1, 1, 1, 1, 1, 1, 1, 1, 1, 1, 1, 1, 1, 1, 1, 1, 1, 1, 1, 1, 1, 1, 1, 1, 1, 1, 1, 1, 1, 1, 1, 1, 1, 1, 1, 1, 1, 1, 1, 1, 1, 1, 1, 1, 1, 1, 1, 1, 1, 1, 1, 1, 1, 1, 1, 1, 1, 1, 1, 1, 1, 1, 1, 1, 1, 1, 1, 1, 1, 1, 1, 1, 1, 1, 1, 1, 1, 1, 1, 1, 1, 1, 1, 1, 1, 1, 1, 1, 1, 1, 1, 1, 1, 1, 1, 1, 1, 1, 1, 1, 1, 1, 1, 1, 1, 1, 1, 1, 1, 1, 1, 1, 1, 1, 1, 1, 1, 1, 1, 1, 1, 1, 1, 1, 1, 1, 1, 1, 1, 1, 1, 1, 1, 1, 1, 1, 1, 1, 1, 1, 1, 1, 1, 1, 1, 1, 1, 1, 1, 1, 1, 1, 1, 1, 1, 1, 1, 1, 1, 1, 1, 1, 1, 1, 1, 1, 1, 1, 1, 1, 1, 1, 1, 1, 1, 1, 1, 1, 1, 1, 1, 1, 1, 1, 1, 1, 1, 1, 1, 1, 1, 1, 1, 1, 1, 1, 1, 1, 1, 1, 1, 1, 1, 1, 1, 1, 1, 1, 1, 1, 1, 1, 1, 1, 1, 1, 1, 1, 1, 1, 1, 1, 1, 1, 1, 1, 1, 1, 1, 1, 1, 1, 1, 1, 1, 1, 1, 1, 1, 1, 1, 1, 1, 1, 1, 1, 1, 1, 1, 1, 1, 1, 1, 1, 1, 1, 1, 1, 1, 1, 1, 1, 1, 1, 1, 1, 1, 1, 1, 1, 1, 1, 1, 1, 1, 1, 1, 1, 1, 1, 1, 1, 1, 1, 1, 1, 1, 1, 1, 1, 1, 1, 1, 1, 1]
Method: base
epoch:  0 ; loss:  0.6452757120132446 ; train_acc:  0.7034313725490197 ; test_acc:  0.7156862745098039 ; train_prec:  0.35171568627450983 ; test_prec:  0.35784313725490197 ; epoch time:  0.01
epoch:  10 ; loss:  0.6190003156661987 ; train_acc:  0.7034313725490197 ; test_acc:  0.7156862745098039 ; train_prec:  0.35171568627450983 ; test_prec:  0.35784313725490197 ; epoch time:  0.01
epoch:  20 ; loss:  0.6077755689620972 ; train_acc:  0.7034313725490197 ; test_acc:  0.7156862745098039 ; train_prec:  0.35171568627450983 ; test_prec:  0.35784313725490197 ; epoch time:  0.01
epoch:  30 ; loss:  0.6046168208122253 ; train_acc:  0.7034313725490197 ; test_acc:  0.7156862745098039 ; train_prec:  0.35171568627450983 ; test_prec:  0.35784313725490197 ; epoch time:  0.01
epoch:  40 ; loss:  0.6033949851989746 ; train_acc:  0.7034313725490197 ; test_acc:  0.7156862745098039 ; train_prec:  0.35171568627450983 ; test_prec:  0.35784313725490197 ; epoch time:  0.01
epoch:  50 ; loss:  0.601523220539093 ; train_acc:  0.7034313725490197 ; test_acc:  0.7156862745098039 ; train_prec:  0.35171568627450983 ; test_prec:  0.35784313725490197 ; epoch time:  0.01
epoch:  60 ; loss:  0.5990309715270996 ; train_acc:  0.7034313725490197 ; test_acc:  0.7156862745098039 ; train_prec:  0.35171568627450983 ; test_prec:  0.35784313725490197 ; epoch time:  0.01
epoch:  70 ; loss:  0.5955427289009094 ; train_acc:  0.7034313725490197 ; test_acc:  0.7156862745098039 ; train_prec:  0.35171568627450983 ; test_prec:  0.35784313725490197 ; epoch time:  0.01
epoch:  80 ; loss:  0.5902000069618225 ; train_acc:  0.7034313725490197 ; test_acc:  0.7156862745098039 ; train_prec:  0.35171568627450983 ; test_prec:  0.35784313725490197 ; epoch time:  0.01
epoch:  90 ; loss:  0.5812653303146362 ; train_acc:  0.7034313725490197 ; test_acc:  0.7156862745098039 ; train_prec:  0.35171568627450983 ; test_prec:  0.35784313725490197 ; epoch time:  0.01
epoch:  100 ; loss:  0.5647755265235901 ; train_acc:  0.7034313725490197 ; test_acc:  0.7156862745098039 ; train_prec:  0.35171568627450983 ; test_prec:  0.35784313725490197 ; epoch time:  0.01
epoch:  110 ; loss:  0.5201753377914429 ; train_acc:  0.7034313725490197 ; test_acc:  0.7156862745098039 ; train_prec:  0.35171568627450983 ; test_prec:  0.35784313725490197 ; epoch time:  0.01
epoch:  120 ; loss:  0.4008992612361908 ; train_acc:  0.7389705882352942 ; test_acc:  0.7205882352941176 ; train_prec:  0.8646759847522236 ; test_prec:  0.8596059113300493 ; epoch time:  0.01
epoch:  130 ; loss:  0.28442251682281494 ; train_acc:  1.0 ; test_acc:  1.0 ; train_prec:  1.0 ; test_prec:  1.0 ; epoch time:  0.01
epoch:  140 ; loss:  0.24115121364593506 ; train_acc:  1.0 ; test_acc:  1.0 ; train_prec:  1.0 ; test_prec:  1.0 ; epoch time:  0.01
[[242   0]
 [  0 574]]
[[ 58   0]
 [  0 146]]
